run:
vvedite celochislenie zna43nie,razmer massiva budet na 1menshe zadanogo vami v sluchae so vtorym metodom sortirovki
5
25
54
18
36
40
29
17
29
74
5
42
42
44
79
26
71
65
6
39
88
40
87
76
41
76
7
82
62
14
66
50
48
87
9
10
31
8
32
20
56
38
53
87
23
67
13
32
62
91
44
16
54
23
29
5
22
6
48
42
33
26
91
13
90
54
32
36
44
62
65
97
40
31
67
87
78
10
21
77
68
79
5
74
35
71
21
49
75
95
72
28
58
88
16
69
21
13
7
98
82
28
2
42
95
30
82
96
77
12
83
72
25
50
52
68
95
96
8
45
93
40
47
28
35
16
56
60
49
77
3
10
62
69
76
69
48
74
82
31
89
3
39
97
37
80
93
63
95
85
98
56
54
92
97
17
4
42
48
36
66
57
63
69
95
44
3
76
71
23
40
11
29
25
81
76
96
72
49
10
47
68
59
41
32
92
23
28
86
74
88
23
8
2
99
6
98
63
66
5
28
54
79
70
78
72
76
97
30
98
59
67
42
67
22
74
69
63
24
28
93
84
60
39
83
19
72
62
62
8
87
91
23
6
63
93
63
46
13
40
19
94
39
35
52
4
8
10
27
61
97
34
80
88
52
47
79
68
36
29
32
5
96
54
60
51
65
11
14
88
84
82
24
61
1
69
59
97
21
70
65
7
28
58
64
37
99
19
29
26
34
78
96
96
98
19
0
46
27
90
27
34
69
66
3
31
30
27
88
87
93
60
46
24
11
28
44
17
34
64
27
64
55
6
37
22
16
0
25
47
91
79
55
68
75
52
29
3
89
6
61
78
8
6
72
49
97
11
65
6
57
64
2
74
60
49
47
27
12
47
32
84
53
29
9
22
23
36
39
13
10
22
10
58
89
82
90
49
47
16
62
37
3
65
63
37
94
34
99
15
56
51
33
32
75
34
34
79
37
30
51
50
18
6
18
3
41
98
71
24
39
62
72
23
98
30
76
85
57
2
37
30
33
76
64
40
95
15
42
9
21
30
6
53
64
18
10
93
56
93
41
59
47
58
42
26
88
99
90
76
23
93
64
99
11
6
26
62
76
39
20
95
7
41
73
74
8
76
62
19
14
60
99
97
23
20
61
99
82
8
66
53
42
66
4
28
33
89
53
90
67
91
57
28
38
82
26
74
66
70
kol-vo iteratziy pri etom metode sostavilo 5
25
54
18
36
40
29
17
29
74
5
42
42
44
79
26
71
65
6
39
88
40
87
76
41
76
7
82
62
14
66
50
48
87
9
10
31
8
32
20
56
38
53
87
23
67
13
32
62
91
44
16
54
23
29
5
22
6
48
42
33
26
91
13
90
54
32
36
44
62
65
97
40
31
67
87
78
10
21
77
68
79
5
74
35
71
21
49
75
95
72
28
58
88
16
69
21
13
7
50
82
28
2
42
95
30
82
96
77
12
83
72
25
50
52
68
95
96
8
45
93
40
47
28
35
16
56
60
49
77
3
10
62
69
76
69
48
74
82
31
89
3
39
97
37
80
93
63
95
85
57
56
54
92
97
17
4
42
48
36
66
57
63
69
95
44
3
76
71
23
40
11
29
25
81
76
96
72
49
10
47
68
59
41
32
92
23
28
86
74
88
23
8
2
30
6
3
63
66
5
28
54
79
70
78
72
76
97
30
78
59
67
42
67
22
74
69
63
24
28
93
84
60
39
83
19
72
62
62
8
87
91
23
6
63
93
63
46
13
40
19
94
39
35
52
4
8
10
27
61
97
34
80
88
52
47
79
68
36
29
32
5
96
54
60
51
65
11
14
88
84
82
24
61
1
69
59
97
21
70
65
7
28
58
64
37
99
19
29
26
34
98
96
96
98
19
0
46
27
90
27
34
69
66
98
31
99
27
88
87
93
60
46
24
11
28
44
17
34
64
27
64
55
6
37
22
16
0
25
47
91
79
55
68
75
52
29
3
89
6
61
78
8
6
72
49
97
11
65
6
98
64
2
74
60
49
47
27
12
47
32
84
53
29
9
22
23
36
39
13
10
22
10
58
89
82
90
49
47
16
62
37
3
65
63
37
94
34
99
15
56
51
33
32
75
34
34
79
37
30
51
98
18
6
18
3
41
98
71
24
39
62
72
23
98
30
76
85
57
2
37
30
33
76
64
40
95
15
42
9
21
30
6
53
64
18
10
93
56
93
41
59
47
58
42
26
88
99
90
76
23
93
64
99
11
6
26
62
76
39
20
95
7
41
73
74
8
76
62
19
14
60
99
97
23
20
61
99
82
8
66
53
42
66
4
28
33
89
53
90
67
91
57
28
38
82
26
74
66
70
—¡Œ– ¿ ”—œ≈ÿÕŒ «¿¬≈–ÿ≈Õ¿ (Ó·˘ÂÂ ‚ÂÏˇ: 2 ÒÂÍÛÌ‰˚)
