run:
vvedite celochislenie zna43nie,razmer massiva budet na 1menshe zadanogo vami v sluchae so vtorym metodom sortirovki
5
57
5
3
33
68
69
61
35
98
22
60
56
40
58
34
23
64
75
80
72
64
30
57
36
88
26
83
88
88
70
35
44
85
29
48
97
75
28
18
69
78
33
26
27
81
3
1
36
83
2
59
83
24
66
33
87
40
45
26
26
49
17
63
34
32
13
50
93
23
50
10
69
44
14
2
59
0
81
63
7
14
48
84
98
96
81
53
76
33
67
40
1
34
83
9
0
92
80
3
10
54
41
88
74
85
11
79
53
68
21
21
61
17
67
3
39
17
45
98
98
59
17
53
32
63
29
20
95
50
60
37
88
39
96
37
84
32
5
49
89
90
37
23
70
51
19
44
75
57
0
8
2
42
28
81
74
67
10
61
94
18
27
83
48
80
76
21
72
43
80
84
31
13
92
29
81
2
62
20
39
36
41
23
83
26
99
4
65
38
30
96
82
20
86
97
40
49
8
67
90
77
71
52
4
93
99
58
87
24
42
18
1
69
60
10
19
70
61
86
40
8
82
40
75
0
1
8
34
90
44
96
49
1
28
45
86
23
32
62
79
75
45
2
39
96
54
34
98
96
9
48
83
30
61
86
55
70
95
34
36
96
48
24
50
97
93
84
62
46
74
47
57
81
37
36
55
54
18
50
61
30
84
9
62
92
67
42
57
30
9
17
40
11
29
78
84
87
59
4
29
99
69
43
19
15
50
88
79
74
52
95
63
10
6
0
13
33
0
36
23
31
24
55
16
58
9
99
92
20
85
1
97
85
70
95
90
61
50
42
25
32
29
17
81
22
26
15
92
33
25
95
81
67
41
98
74
25
51
15
77
84
37
99
20
64
19
46
20
67
99
91
47
53
92
79
11
7
74
38
59
21
37
35
72
32
43
49
64
96
40
29
44
7
93
30
8
49
11
81
41
57
30
45
23
93
81
18
68
65
72
31
30
92
92
86
84
0
89
81
72
92
50
98
36
49
26
70
7
95
7
80
81
71
71
18
7
58
48
74
96
92
37
83
69
50
3
50
40
37
50
0
69
29
20
77
82
34
96
4
87
7
89
66
26
25
2
81
66
14
78
62
8
52
16
47
92
60
73
23
93
40
83
36
22
10
30
84
25
18
62
51
38
32
72
24
67
70
46
30
kol-vo iteratziy pri etom metode sostavilo 60570
0
0
0
0
0
0
0
0
1
1
1
1
1
1
2
2
2
2
2
2
3
3
3
3
3
4
4
4
4
5
5
6
7
7
7
7
7
7
7
8
8
8
8
8
8
9
9
9
9
9
10
10
10
10
10
10
11
11
11
11
13
13
13
14
14
14
15
15
15
16
16
17
17
17
17
17
17
18
18
18
18
18
18
18
19
19
19
19
20
20
20
20
20
20
20
21
21
21
21
22
22
22
23
23
23
23
23
23
23
23
24
24
24
24
24
25
25
25
25
25
26
26
26
26
26
26
26
26
27
27
28
28
28
29
29
29
29
29
29
29
29
30
30
30
30
30
30
30
30
30
30
31
31
31
32
32
32
32
32
32
32
33
33
33
33
33
33
34
34
34
34
34
34
34
35
35
35
36
36
36
36
36
36
36
36
37
37
37
37
37
37
37
37
38
38
38
39
39
39
39
40
40
40
40
40
40
40
40
40
40
41
41
41
41
42
42
42
42
43
43
43
44
44
44
44
44
45
45
45
45
45
46
46
46
47
47
47
48
48
48
48
48
48
49
49
49
49
49
49
49
50
50
50
50
50
50
50
50
50
50
50
51
51
51
52
52
52
53
53
53
53
54
54
54
55
55
55
56
57
57
57
57
57
57
58
58
58
58
59
59
59
59
59
60
60
60
60
61
61
61
61
61
61
61
62
62
62
62
62
62
63
63
63
63
64
64
64
64
65
65
66
66
66
67
67
67
67
67
67
67
67
68
68
68
69
69
69
69
69
69
69
70
70
70
70
70
70
70
71
71
71
72
72
72
72
72
72
73
74
74
74
74
74
74
74
75
75
75
75
75
76
76
77
77
77
78
78
78
79
79
79
79
80
80
80
80
80
81
81
81
81
81
81
81
81
81
81
81
81
81
82
82
82
83
83
83
83
83
83
83
83
83
84
84
84
84
84
84
84
84
84
85
85
85
85
86
86
86
86
86
87
87
87
87
88
88
88
88
88
88
89
89
89
90
90
90
90
91
92
92
92
92
92
92
92
92
92
92
92
93
93
93
93
93
93
94
95
95
95
95
95
95
96
96
96
96
96
96
96
96
96
96
97
97
97
97
98
98
98
98
98
98
98
99
99
99
99
99
99
—¡Œ– ¿ ”—œ≈ÿÕŒ «¿¬≈–ÿ≈Õ¿ (Ó·˘ÂÂ ‚ÂÏˇ: 2 ÒÂÍÛÌ‰˚)
